%YAML:1.0

# camera intrinsic parameters
fx: 585
fy: 585
cx: 329
cy: 240
k1: 0.0
k2: 0.0
p1: 0.0
p2: 0.0
k3: 0.0
image_height: 640
image_width: 480